1 505.000000 26.000000;
18 441.000000 95.000000;
18 561.000000 95.000000;
91 490.000000 168.000000;
91 607.000000 167.000000;
56 540.000000 240.000000;
56 661.000000 243.000000;
42 609.000000 320.000000;
42 724.000000 320.000000;
29 674.000000 397.000000;
29 792.000000 400.000000;
83 733.000000 468.000000;
83 867.000000 467.000000;
67 797.000000 541.000000;
67 911.000000 543.000000;
35 944.000000 609.000000;
35 828.000000 611.000000;
74 876.000000 669.000000;
74 991.000000 669.000000;
#
1 18 166.000000 | 18 145.000000 $;
18 91 166.000000 | 91 146.000000 $;
18 91 166.000000 | 91 146.000000 $;
91 56 153.000000 $;
91 56 153.000000 $;
56 91 147.000000 | 42 171.000000 | 42 147.000000 $;
56 91 147.000000 | 42 171.000000 | 42 147.000000 $;
42 29 167.000000 | 29 147.000000 $;
42 29 167.000000 | 29 147.000000 $;
29 83 196.000000 | 83 147.000000 $;
29 83 196.000000 | 83 147.000000 $;
83 67 151.000000 | 67 147.000000 $;
83 67 151.000000 | 67 147.000000 $;
67 35 147.000000 | 35 147.000000 $;
67 35 147.000000 | 35 147.000000 $;
35 74 147.000000 | 74 147.000000 $;
35 74 147.000000 | 74 147.000000 $;
 $;
 $;
