0 502.000000 19.000000;
1 462.000000 95.000000;
2 554.000000 98.000000;
3 518.000000 169.000000;
4 604.000000 171.000000;
5 568.000000 242.000000;
6 657.000000 244.000000;
7 621.000000 323.000000;
8 717.000000 323.000000;
9 688.000000 394.000000;
10 773.000000 398.000000;
11 739.000000 471.000000;
12 837.000000 472.000000;
13 800.000000 545.000000;
14 889.000000 545.000000;
15 838.000000 602.000000;
16 927.000000 609.000000;
17 780.000000 663.000000;
18 884.000000 670.000000;
#
0 1 0.000000 | 2 0.000000 $;
 $;
2 3 0.000000 | 4 0.000000 $;
 $;
4 5 0.000000 $;
 $;
6 4 0.000000 | 7 0.000000 | 8 0.000000 $;
 $;
8 9 0.000000 | 10 0.000000 $;
 $;
10 11 0.000000 | 12 0.000000 $;
 $;
12 13 0.000000 | 14 0.000000 $;
 $;
14 15 0.000000 | 16 0.000000 $;
15 17 0.000000 | 18 0.000000 $;
 $;
 $;
 $;
